COMP
HLED
0 0 XXXXXXXXXX YYYYYYYYYY 1 1 0 0 0 0 0 180.000 1 1 1
CS
0 0 XXXXXXXXXX YYYYYYYYYY 60000 360.000 0 1 17 0 0 0 0 13937 1 0 0

CS
0 0 XXXXXXXXXX YYYYYYYYYY 60000 360.000 0 1 17 0 0 0 0 10000 1 0 0

CA
0 0 XXXXXXXXXX YYYYYYYYYY 105119 0.000 360.000 10000 17 0 0
 0 1
CP
0 0 X1X1X1X1X1 Y1Y1Y1Y1Y1 78740 78740 2 78740 78740 2 78740 78740 2 39370 0 34 0 0 0.000 4000 0 10000 10000 20000 4 1 1 1 1 1 1 1 1
A
CP
0 0 X2X2X2X2X2 Y2Y2Y2Y2Y2 78740 78740 1 78740 78740 1 78740 78740 1 39370 0 34 0 0 0.000 4000 0 10000 10000 20000 4 1 1 1 1 1 1 1 1
K
ENDCOMP
